abscissa	curvature	X	Y	theta	width_L	width_R
0.00000000000000000000e+00	1.28805908004646293974e-02	0.00000000000000000000e+00	0.00000000000000000000e+00	1.37759622652426746476e-08	4.00000000000000000000e+00	4.00000000000000000000e+00
9.35067919348167997384e+00	7.25087648092063302707e-03	9.33484216931095467373e+00	4.80684917450111215409e-01	9.41214597276537334736e-02	4.00000000000000000000e+00	4.00000000000000000000e+00
1.90040674950258541287e+01	7.51510234736587397902e-03	1.89053174969707100672e+01	1.72746781614137567828e+00	1.65392323161536264342e-01	4.00000000000000000000e+00	4.00000000000000000000e+00
2.66416663096588450799e+01	-4.14482821929726269472e-02	2.64706714001375544854e+01	2.73018686740660498913e+00	3.58083161511742464889e-02	4.00000000000000000000e+00	4.00000000000000000000e+00
3.28509097840113071243e+01	-6.41399217461867746093e-03	3.26640581350419907380e+01	2.37911985474970144594e+00	-1.12785941219220572918e-01	4.00000000000000000000e+00	4.00000000000000000000e+00
3.83620192760095122253e+01	-1.33765375379386397894e-03	3.81315116059368079959e+01	1.68767745643260536070e+00	-1.34146025995190626423e-01	4.00000000000000000000e+00	4.00000000000000000000e+00
4.56186616736529160221e+01	-4.09408776573939349464e-03	4.53146545559910336465e+01	6.58317181830884834426e-01	-1.53854128829875591578e-01	4.00000000000000000000e+00	4.00000000000000000000e+00
5.49508523457986797212e+01	4.14152627247672822097e-03	5.45273896251762693055e+01	-8.29829466500496160108e-01	-1.53632776261202780299e-01	4.00000000000000000000e+00	4.00000000000000000000e+00
6.16556156891300304324e+01	-1.04264939470483813423e-03	6.11612311880930548114e+01	-1.80220690352433976500e+00	-1.43244158128774667915e-01	4.00000000000000000000e+00	4.00000000000000000000e+00
6.92727826790895022668e+01	-3.87938798757103860126e-04	6.86969229763291480140e+01	-2.91325896585034804787e+00	-1.48692673269773673050e-01	4.00000000000000000000e+00	4.00000000000000000000e+00
8.45539033209555839221e+01	1.75325508511492834766e-03	8.38149341609687468235e+01	-5.13944877680524569996e+00	-1.38260885649955589383e-01	4.00000000000000000000e+00	4.00000000000000000000e+00
1.31681230312656964543e+02	-6.07926936657620081011e-03	1.30327254750603344746e+02	-1.25722570948594132290e+01	-2.40197677077080395946e-01	4.00000000000000000000e+00	4.00000000000000000000e+00
1.39158625076803502907e+02	-9.53567491762967733848e-02	1.37243853670475118633e+02	-1.52872382845502201576e+01	-6.19436250835795676473e-01	4.00000000000000000000e+00	4.00000000000000000000e+00
1.45171515413087064417e+02	-9.42074280730206964352e-02	1.40907997264088692191e+02	-1.99520893166621249293e+01	-1.18935055668135891693e+00	4.00000000000000000000e+00	4.00000000000000000000e+00
1.51895551304616390098e+02	1.69892273610874324982e-03	1.42054600007729106892e+02	-2.65482125833780244761e+01	-1.50036581137526137120e+00	4.00000000000000000000e+00	4.00000000000000000000e+00
1.57540733841450133923e+02	-8.94277593776849157904e-05	1.42469390752277178080e+02	-3.21781304506805128085e+01	-1.49582286477402348623e+00	4.00000000000000000000e+00	4.00000000000000000000e+00
1.79699303587793423276e+02	4.73962844142831324357e-03	1.44500813159074425585e+02	-5.42407488355081710552e+01	-1.44430197917769964633e+00	4.00000000000000000000e+00	4.00000000000000000000e+00
1.90283169823275528643e+02	-3.31615941004444539364e-03	1.45950097076079543967e+02	-6.47248386830903115197e+01	-1.43676906715216490262e+00	4.00000000000000000000e+00	4.00000000000000000000e+00
2.11299426479951137026e+02	-1.68699511099642991685e-02	1.47034551493756964646e+02	-8.56724842560287953575e+01	-1.64888732977941487867e+00	4.00000000000000000000e+00	4.00000000000000000000e+00
2.19230583489285322685e+02	-1.27696866215083359997e-01	1.44790653381367178554e+02	-9.31624103458856609450e+01	-2.22217838813734580583e+00	4.00000000000000000000e+00	4.00000000000000000000e+00
2.27532196256288671066e+02	-5.92092974259977727902e-02	1.37625705433413344281e+02	-9.69258233623278471214e+01	-2.99798968726575010280e+00	4.00000000000000000000e+00	4.00000000000000000000e+00
2.33910004993315169486e+02	-9.99451318101451102738e-02	1.31341067290270132162e+02	-9.63687013725503476280e+01	-3.50551794147111284161e+00	4.00000000000000000000e+00	4.00000000000000000000e+00
2.38480360174951329100e+02	-7.98919493875556302465e-02	1.27537718061654061330e+02	-9.38927950077932678141e+01	-3.91647760954212609263e+00	4.00000000000000000000e+00	4.00000000000000000000e+00
2.45884607159301680213e+02	-6.97045624065046887097e-02	1.23952075179307271924e+02	-8.75226626048922042855e+01	-4.47030237019628273742e+00	4.00000000000000000000e+00	4.00000000000000000000e+00
2.52939671650309435336e+02	-6.76461143341196800838e-03	1.23459037738335027257e+02	-8.05072334966801577139e+01	-4.74004984652660787958e+00	4.00000000000000000000e+00	4.00000000000000000000e+00
2.62576112014178988829e+02	-9.87684586572159552154e-03	1.24087224365128307113e+02	-7.08938830156117489878e+01	-4.82023205222390949132e+00	4.00000000000000000000e+00	4.00000000000000000000e+00
2.70780886556226221273e+02	1.08119118606154421963e-03	1.25178247045161228357e+02	-6.27624664465098618393e+01	-4.85631523396000908122e+00	4.00000000000000000000e+00	4.00000000000000000000e+00
2.78834539101747793666e+02	6.21738033907407849216e-03	1.26243620525044363490e+02	-5.47798931852955561794e+01	-4.82692515420232126644e+00	4.00000000000000000000e+00	4.00000000000000000000e+00
2.84522902009132451440e+02	1.89529657552526889508e-02	1.26725193442730017068e+02	-4.91131915509159000521e+01	-4.75533612288643947608e+00	4.00000000000000000000e+00	4.00000000000000000000e+00
2.93307459998026274661e+02	5.36970084820274050352e-03	1.26545962247847796789e+02	-4.03347267084880982679e+01	-4.64850418487841210435e+00	4.00000000000000000000e+00	4.00000000000000000000e+00
2.99006547819053992043e+02	1.12555935395531978016e-01	1.25525696161109820537e+02	-3.47564160122804040043e+01	-4.31246990636887961301e+00	4.00000000000000000000e+00	4.00000000000000000000e+00
3.04214289739262085277e+02	5.83540032613929088301e-02	1.22416490013597012876e+02	-3.06326048356554103691e+01	-3.86744248025561043747e+00	4.00000000000000000000e+00	4.00000000000000000000e+00
3.08198267391013075667e+02	1.26839159951854352215e-01	1.19069165081560058184e+02	-2.85144241115622421034e+01	-3.49853976852017334309e+00	4.00000000000000000000e+00	4.00000000000000000000e+00
3.12968368331863871390e+02	5.12679617062638467995e-02	1.14366227352596339983e+02	-2.79739595339043702893e+01	-3.07374529422354481056e+00	4.00000000000000000000e+00	4.00000000000000000000e+00
3.17216866965951965085e+02	1.25949378787146709646e-01	1.10253864013701900149e+02	-2.89349818196732471165e+01	-2.69729147971420113450e+00	4.00000000000000000000e+00	4.00000000000000000000e+00
3.20687086552251514604e+02	1.10602352017855329325e-01	1.07518942359084377358e+02	-3.10312805128401691945e+01	-2.28684825498760258000e+00	4.00000000000000000000e+00	4.00000000000000000000e+00
3.23600875017714940896e+02	2.10556658340899441328e-02	1.05880161870049519734e+02	-3.34349783652725349725e+01	-2.09503644814556677645e+00	4.00000000000000000000e+00	4.00000000000000000000e+00
3.27721958663829752822e+02	1.71278448107384906329e-01	1.04370279162705401177e+02	-3.72393928722081426486e+01	-1.69872396206859455070e+00	4.00000000000000000000e+00	4.00000000000000000000e+00
3.32066926309793132077e+02	-3.57102460969445367756e-02	1.04778090940693161315e+02	-4.15469862785943462313e+01	-1.40420423715304343304e+00	4.00000000000000000000e+00	4.00000000000000000000e+00
3.38180137896413327780e+02	1.12332758278449722916e-02	1.05420235209171664792e+02	-4.76245931985286574673e+01	-1.47902068293766597584e+00	4.00000000000000000000e+00	4.00000000000000000000e+00
3.73389457509338683394e+02	-2.92214074049516013554e-02	1.07252388861694129218e+02	-8.25897505184125577671e+01	-1.79569567153666231896e+00	4.00000000000000000000e+00	4.00000000000000000000e+00
3.80334443659135274629e+02	-1.41624362778891926817e-01	1.04239461779296647137e+02	-8.87312201299508558350e+01	-2.38895641975411088254e+00	4.00000000000000000000e+00	4.00000000000000000000e+00
3.87740804204333130656e+02	-8.47515504643483325031e-02	9.73657808124502395231e+01	-9.08421485100455328165e+01	-3.22726723841939566739e+00	4.00000000000000000000e+00	4.00000000000000000000e+00
3.94487832569467286703e+02	-1.09631890058185230141e-01	9.12608352663083906009e+01	-8.82648904933896574221e+01	-3.88302253120572160583e+00	4.00000000000000000000e+00	4.00000000000000000000e+00
4.01258773259270867584e+02	-6.15554370278030699160e-02	8.79882600720417542561e+01	-8.24459169454309517278e+01	-4.46257215043388111297e+00	4.00000000000000000000e+00	4.00000000000000000000e+00
4.10243229609015088499e+02	7.05877142435424806410e-03	8.73080994088045940771e+01	-7.35120952463676786692e+01	-4.70738360705499925274e+00	4.00000000000000000000e+00	4.00000000000000000000e+00
4.17048514471854502972e+02	-6.07120680205441853872e-03	8.72119333065766966229e+01	-6.67075308207913906244e+01	-4.70402327803273934137e+00	4.00000000000000000000e+00	4.00000000000000000000e+00
4.25078201542909084765e+02	-1.23788649458902544169e-03	8.72885401419715805105e+01	-5.86785057043357980433e+01	-4.73336814339496037007e+00	4.00000000000000000000e+00	4.00000000000000000000e+00
4.32751738176880678566e+02	4.40540555585982977760e-03	8.74305782744563515507e+01	-5.10063409803717036084e+01	-4.72121510730103377540e+00	4.00000000000000000000e+00	4.00000000000000000000e+00
4.40561856594363177919e+02	-9.44218256862331892232e-03	8.75059265927963281229e+01	-4.31967753740984363731e+01	-4.74088401916993440466e+00	4.00000000000000000000e+00	4.00000000000000000000e+00
4.49561331042053552665e+02	7.69674051077846865798e-02	8.69818029977845270651e+01	-3.42509764428662037972e+01	-4.43703826194568407004e+00	4.00000000000000000000e+00	4.00000000000000000000e+00
4.55208028786677971311e+02	9.90467948518257007562e-02	8.42369879313845899560e+01	-2.93827427511256082937e+01	-3.94008876891752546356e+00	4.00000000000000000000e+00	4.00000000000000000000e+00
4.59813609143346241126e+02	4.95541571076334383394e-02	8.04762729129605247635e+01	-2.67634484838515476213e+01	-3.59789195628310043418e+00	4.00000000000000000000e+00	4.00000000000000000000e+00
4.76571792317298616126e+02	-1.30099584570366362535e-02	6.41826563653417849764e+01	-2.31937041118884508251e+01	-3.29168477042399398869e+00	4.00000000000000000000e+00	4.00000000000000000000e+00
4.82962976770637169466e+02	3.88249539966150020512e-03	5.78878904004457979227e+01	-2.20893476765248095717e+01	-3.32085241991839907882e+00	4.00000000000000000000e+00	4.00000000000000000000e+00
5.04313203588253145426e+02	1.24059541922895422150e-02	3.66881085258596257859e+01	-1.98017287523961122986e+01	-3.14697137031670592933e+00	4.00000000000000000000e+00	4.00000000000000000000e+00
5.09532972540451225996e+02	1.32352932163644576580e-01	3.15453330929260324922e+01	-2.04804781861765619055e+01	-2.76916740049657983391e+00	4.00000000000000000000e+00	4.00000000000000000000e+00
5.15108508237036744504e+02	3.53726805773773092523e-02	2.71527728244104977762e+01	-2.38297201598369738917e+01	-2.30158732974081425837e+00	4.00000000000000000000e+00	4.00000000000000000000e+00
5.19902545843212124055e+02	1.71920583647673680394e-01	2.47256848545149772178e+01	-2.79052246225553162162e+01	-1.80470147768968436353e+00	4.00000000000000000000e+00	4.00000000000000000000e+00
5.22777231402995425924e+02	1.16221189534129201726e-01	2.46873139224305013784e+01	-3.07591003528699928893e+01	-1.39054298041407653486e+00	4.00000000000000000000e+00	4.00000000000000000000e+00
5.27152091512225638326e+02	4.70788340141099215241e-02	2.63179514504426492749e+01	-3.47933754804948378592e+01	-1.03333560098033694352e+00	4.00000000000000000000e+00	4.00000000000000000000e+00
5.31483173751667777651e+02	4.55248606738655123283e-02	2.88941896417557799737e+01	-3.82659090383263205126e+01	-8.32798492296950465530e-01	4.00000000000000000000e+00	4.00000000000000000000e+00
5.37469986147656413777e+02	1.21358738596572656582e-02	3.33504220662249508678e+01	-4.22525164865459288421e+01	-6.60196492259852218965e-01	4.00000000000000000000e+00	4.00000000000000000000e+00
5.44337857150124818872e+02	1.29906997910259457835e-02	3.89480800771296671314e+01	-4.62280188752276401942e+01	-5.73913458347338312215e-01	4.00000000000000000000e+00	4.00000000000000000000e+00
5.80522616211659169494e+02	-3.35195014939029395373e-02	6.81920749695422472314e+01	-6.70625204207361775843e+01	-9.45328360447324711480e-01	4.00000000000000000000e+00	4.00000000000000000000e+00
5.88410847499638748559e+02	-8.88117700218847144766e-02	7.13821366337718075101e+01	-7.41923080283571323434e+01	-1.42781704019730604216e+00	4.00000000000000000000e+00	4.00000000000000000000e+00
5.92314839341178299037e+02	-1.62688513708644927336e-01	7.10796378684703569206e+01	-7.80451348046492370258e+01	-1.91874456847990848551e+00	4.00000000000000000000e+00	4.00000000000000000000e+00
5.95754502837455675035e+02	-4.38714204379514888243e-02	6.92632020095820308825e+01	-8.09443128843380179660e+01	-2.27399290091693417892e+00	4.00000000000000000000e+00	4.00000000000000000000e+00
6.02286309777968540402e+02	-1.36513163199804499204e-01	6.40390750940168231864e+01	-8.47036161955159769832e+01	-2.86311153917855820694e+00	4.00000000000000000000e+00	4.00000000000000000000e+00
6.10686218257240170715e+02	3.70893101474240038939e-02	5.57236599965483634378e+01	-8.42691652588805766300e+01	-3.28068717063318393556e+00	4.00000000000000000000e+00	4.00000000000000000000e+00
6.16126612582171219401e+02	-1.23852268623482596882e-02	5.03033153812394289162e+01	-8.38178987666829584668e+01	-3.21348719529116744198e+00	4.00000000000000000000e+00	4.00000000000000000000e+00
6.23180846456285507884e+02	-1.74602077178352601411e-03	4.32872724179472925243e+01	-8.30921809130638848728e+01	-3.26332975257983060047e+00	4.00000000000000000000e+00	4.00000000000000000000e+00
6.52312022757210002055e+02	-1.52801682619711082234e-02	1.48894503469744563517e+01	-7.69548620915745829052e+01	-3.51132625564936917684e+00	4.00000000000000000000e+00	4.00000000000000000000e+00
6.60510740642594328165e+02	-1.22299669889109979826e-01	8.11775079108232233693e+00	-7.25355117055283074023e+01	-4.07531538990576436277e+00	4.00000000000000000000e+00	4.00000000000000000000e+00
6.66704898409711290697e+02	-4.67366481377064837965e-02	6.09824914667176543048e+00	-6.67554124139997924203e+01	-4.59883420289806021941e+00	4.00000000000000000000e+00	4.00000000000000000000e+00
6.76368051691662685698e+02	2.12534330973907538420e-02	6.12501583763754187117e+00	-5.71012921833859934395e+01	-4.72195830883809719580e+00	4.00000000000000000000e+00	4.00000000000000000000e+00
6.82226309707444784181e+02	5.26251667629289068134e-03	5.90794204853376925257e+00	-5.12485664008299792727e+01	-4.64428967123959512975e+00	4.00000000000000000000e+00	4.00000000000000000000e+00
6.87961954187426499630e+02	8.65383477402839329518e-02	4.99217815381628593485e+00	-4.56041385272320738409e+01	-4.38102111061169896544e+00	4.00000000000000000000e+00	4.00000000000000000000e+00
6.92184781131863360315e+02	4.98559850310980323673e-02	3.01806400212723957566e+00	-4.18877359299885085875e+01	-4.09303627886502496835e+00	4.00000000000000000000e+00	4.00000000000000000000e+00
6.96241155342580327670e+02	6.12744379648983220066e-02	3.24192742823511625971e-01	-3.88665375672273967211e+01	-3.86764298792880589772e+00	4.00000000000000000000e+00	4.00000000000000000000e+00
7.02264436593226150762e+02	3.20006552719173595345e-02	-4.72718945744719398760e+00	-3.56224730783561440717e+01	-3.58673192781815064478e+00	4.00000000000000000000e+00	4.00000000000000000000e+00
7.06947982042919420564e+02	7.36237374268342154027e-02	-9.13479004898472268792e+00	-3.40746050405218667834e+01	-3.33938360590177962806e+00	4.00000000000000000000e+00	4.00000000000000000000e+00
7.12686403096239246224e+02	5.05115862136957111117e-02	-1.48426453889512544038e+01	-3.40253447921973588564e+01	-2.98321322860524551501e+00	4.00000000000000000000e+00	4.00000000000000000000e+00
7.17928721540235983412e+02	6.59216123765477696184e-02	-1.98248121311124236854e+01	-3.55896415399369203669e+01	-2.67802327636093995267e+00	4.00000000000000000000e+00	4.00000000000000000000e+00
7.23280353157885883775e+02	7.81722844404587613454e-02	-2.40559823248089443837e+01	-3.88120530519658046842e+01	-2.29245454930026593132e+00	4.00000000000000000000e+00	4.00000000000000000000e+00
7.27170353917947522859e+02	9.36783393668035313517e-02	-2.61112735483686364546e+01	-4.20934321207153203659e+01	-1.95820502069443236337e+00	4.00000000000000000000e+00	4.00000000000000000000e+00
7.33216181255970923303e+02	1.43674695287677248179e-02	-2.72127795269460257543e+01	-4.80097986164142156440e+01	-1.63159186806617628740e+00	4.00000000000000000000e+00	4.00000000000000000000e+00
7.38420234562453060789e+02	1.95716440154247439676e-02	-2.73110852483669539481e+01	-5.32112295005065618625e+01	-1.54328139016597165600e+00	4.00000000000000000000e+00	4.00000000000000000000e+00
7.44229115468608597439e+02	5.34375159097233171784e-03	-2.69014940497335217628e+01	-5.90043538523550168406e+01	-1.47091610681727558152e+00	4.00000000000000000000e+00	4.00000000000000000000e+00
7.60070853477085620398e+02	9.86047344841210450994e-05	-2.48738121420973179454e+01	-7.47144748537750871265e+01	-1.42780791903977211099e+00	4.00000000000000000000e+00	4.00000000000000000000e+00
7.69183917569254958835e+02	-5.70047221866278319702e-02	-2.43584114616413494048e+01	-8.37856949226070923942e+01	-1.68710246589047607735e+00	4.00000000000000000000e+00	4.00000000000000000000e+00
7.76145246359359589405e+02	-7.11442935228111944523e-02	-2.66026840069092926910e+01	-9.03144438240981202171e+01	-2.13314618238041608933e+00	4.00000000000000000000e+00	4.00000000000000000000e+00
7.82331334182071032046e+02	-6.43701183580227404013e-02	-3.09014457449911255082e+01	-9.46997880015585167257e+01	-2.55229820887918057437e+00	4.00000000000000000000e+00	4.00000000000000000000e+00
7.91336647749598910195e+02	-6.19330760602064545051e-02	-3.93808865083387971140e+01	-9.73516686030073827851e+01	-3.12099814403515329886e+00	4.00000000000000000000e+00	4.00000000000000000000e+00
7.98609680128894638074e+02	-4.67651117677897534830e-02	-4.64816169933998679653e+01	-9.60135473333936886320e+01	-3.51628086384064220127e+00	4.00000000000000000000e+00	4.00000000000000000000e+00
8.04881823499311963133e+02	-4.09849935615434757263e-02	-5.19220546886922491581e+01	-9.29323611396224862347e+01	-3.79147148454957916286e+00	4.00000000000000000000e+00	4.00000000000000000000e+00
8.11349665080682370899e+02	-4.74399118025290236766e-02	-5.64617772873004852840e+01	-8.83563909779436329472e+01	-4.07743062444167581049e+00	4.00000000000000000000e+00	4.00000000000000000000e+00
8.17394324047775398867e+02	-1.70283903336605098311e-02	-5.94719828687585447824e+01	-8.31257688481743173270e+01	-4.27227507468182921002e+00	4.00000000000000000000e+00	4.00000000000000000000e+00
8.25783614075189916548e+02	-8.46152064008061019496e-03	-6.25874115080146253831e+01	-7.53407342812803619836e+01	-4.37919620272886156442e+00	4.00000000000000000000e+00	4.00000000000000000000e+00
8.31607891671947527357e+02	1.01028695857579928902e-02	-6.44558136004401376340e+01	-6.98243343898946307036e+01	-4.37441636674156608677e+00	4.00000000000000000000e+00	4.00000000000000000000e+00
8.37816441198044799421e+02	3.98841357063360046897e-02	-6.68718820727705747231e+01	-6.41121026320749649585e+01	-4.21924296774353013717e+00	4.00000000000000000000e+00	4.00000000000000000000e+00
8.42334029527640382184e+02	3.83610058174824811172e-02	-6.93522878225895311743e+01	-6.03433998800247408667e+01	-4.04250329864619928344e+00	4.00000000000000000000e+00	4.00000000000000000000e+00
8.47257776300000273295e+02	3.02637607496402463725e-02	-7.27320556269277318506e+01	-5.67708952221243734471e+01	-3.87355781220550232646e+00	4.00000000000000000000e+00	4.00000000000000000000e+00
8.53451068588408134019e+02	4.57718550104628876807e-02	-7.77528890591399743926e+01	-5.31694047914097964735e+01	-3.63810241580429272190e+00	4.00000000000000000000e+00	4.00000000000000000000e+00
8.59190590828246399724e+02	1.13502456281843674968e-02	-8.30375661072176853850e+01	-5.09470589334461863018e+01	-3.47417563236823445649e+00	4.00000000000000000000e+00	4.00000000000000000000e+00
8.67582677289705770818e+02	8.39219174308049320476e-03	-9.10790991611731044486e+01	-4.85552949662395505470e+01	-3.39133551160553059489e+00	4.00000000000000000000e+00	4.00000000000000000000e+00
8.73507576521282089743e+02	-1.19222666482374684178e-03	-9.68419277303277681312e+01	-4.71795225665661490666e+01	-3.37000597784649080779e+00	4.00000000000000000000e+00	4.00000000000000000000e+00
8.79870829564857785954e+02	-4.11245403321100835847e-02	-1.02961960485174088831e+02	-4.54557369648429983044e+01	-3.50464212603383229450e+00	4.00000000000000000000e+00	4.00000000000000000000e+00
8.87112794658788516244e+02	-6.85751550807887494399e-02	-1.09113775611513673880e+02	-4.17258014855028633860e+01	-3.90186280864648082911e+00	4.00000000000000000000e+00	4.00000000000000000000e+00
8.93615270930797805704e+02	-5.24350847730137500924e-02	-1.12788521171282624778e+02	-3.64121201645110943446e+01	-4.29529591510877306604e+00	4.00000000000000000000e+00	4.00000000000000000000e+00
9.00233404733303473222e+02	-4.60333025608788901084e-02	-1.14422703684625560072e+02	-3.00291049668222100877e+01	-4.62113439667552494683e+00	4.00000000000000000000e+00	4.00000000000000000000e+00
9.06736408789582924328e+02	-9.26937945758628256687e-02	-1.13721890924092789987e+02	-2.36197018662116846599e+01	-5.07220583425148419110e+00	4.00000000000000000000e+00	4.00000000000000000000e+00
9.14348304187193434700e+02	-1.14197992910659018584e-02	-1.09393176734880739787e+02	-1.74214171733899192418e+01	-5.46845672716904029897e+00	4.00000000000000000000e+00	4.00000000000000000000e+00
9.19976754539599028249e+02	-4.36848683911106490385e-03	-1.05428772447388837463e+02	-1.34267117635409523047e+01	-5.51288851957527548109e+00	4.00000000000000000000e+00	4.00000000000000000000e+00
9.26430566803500028072e+02	-1.67939441407279825384e-03	-1.00746859506408213747e+02	-8.98486028616597565133e+00	-5.53240446458291579290e+00	4.00000000000000000000e+00	4.00000000000000000000e+00
9.32047789876471597381e+02	-3.88837040582281517377e-04	-9.66263770215996942170e+01	-5.16717406066186857316e+00	-5.53821332338713823162e+00	4.00000000000000000000e+00	4.00000000000000000000e+00
9.38545759385346627823e+02	1.79881007559284347881e-03	-9.18545543466287597312e+01	-7.56592420255017827913e-01	-5.53363234234783085697e+00	4.00000000000000000000e+00	4.00000000000000000000e+00
9.44884275347044535920e+02	2.72515863967362102424e-03	-8.72437901443832544146e+01	3.59276936001197899628e+00	-5.51929471867408327768e+00	4.00000000000000000000e+00	4.00000000000000000000e+00
9.51783325457486284904e+02	1.23853177414992359981e-03	-8.22985299633959925814e+01	8.40323147006379045365e+00	-5.50562186859765301250e+00	4.00000000000000000000e+00	4.00000000000000000000e+00
9.73305571061565956370e+02	-3.59955361012126873882e-03	-6.69011013490741817122e+01	2.34396657503115122267e+01	-5.53102911920973205895e+00	4.00000000000000000000e+00	4.00000000000000000000e+00
9.79837610477408816223e+02	-7.21062178867277470129e-02	-6.17781729574213045453e+01	2.74638951553177435017e+01	-5.77828565972559449193e+00	4.00000000000000000000e+00	4.00000000000000000000e+00
9.86998023195584437417e+02	-1.04127108799113604620e-01	-5.48889415616890445904e+01	2.89226256685724578688e+01	-6.40923733823372998586e+00	4.00000000000000000000e+00	4.00000000000000000000e+00
9.92580252533712268814e+02	-3.34120761382476483270e-02	-4.96797024540356702005e+01	2.70153595520312173051e+01	-6.79312497307375195987e+00	4.00000000000000000000e+00	4.00000000000000000000e+00
1.02030414911538048273e+03	2.02935350836753840287e-02	-2.89893365788112475911e+01	8.68362956444198275108e+00	-6.97497351272829479996e+00	4.00000000000000000000e+00	4.00000000000000000000e+00
1.02520627694582981349e+03	-5.44976460317300563652e-03	-2.51262251171464967570e+01	5.66633857642402460897e+00	-6.93859048243046849791e+00	4.00000000000000000000e+00	4.00000000000000000000e+00
1.03005053089412490408e+03	7.27259041454009352856e-02	-2.11480019098442184600e+01	2.91243311308491215073e+00	-6.77563913012264684710e+00	4.00000000000000000000e+00	4.00000000000000000000e+00
1.03561807592886634666e+03	3.60618613508913998800e-02	-1.58904302643097210535e+01	1.14677740480488488117e+00	-6.47279873838935415620e+00	4.00000000000000000000e+00	4.00000000000000000000e+00
1.04136006299662221863e+03	3.25145855249879328283e-03	-1.01911860369721054553e+01	4.74154938892003663398e-01	-6.35993045103965037868e+00	4.00000000000000000000e+00	4.00000000000000000000e+00
1.04684426631952896969e+03	7.33544676268665322288e-03	-4.71843846716102355288e+00	1.22890149113634272737e-01	-6.33090008054051267550e+00	4.00000000000000000000e+00	4.00000000000000000000e+00
1.05156475486229828675e+03	1.28805909103702938279e-02	-1.42108547152020037174e-14	2.13717932240342634032e-15	-6.28318529343258358466e+00	4.00000000000000000000e+00	4.00000000000000000000e+00
